Calculation time:       0.000001 s
Memory usage:           0.000618 MiB
Calculation method:     Gauß-Seidel
Interlines:             0
Perturbation function:  f(x,y) = 0
Termination:            Number of iterations
Number of iterations:   10
Residuum:               2.984447e-02

Matrix:
 1.0000 0.8750 0.7500 0.6250 0.5000 0.3750 0.2500 0.1250 0.0000
 0.8750 0.7487 0.6299 0.5209 0.4233 0.3376 0.2622 0.1931 0.1250
 0.7500 0.6299 0.5229 0.4333 0.3644 0.3168 0.2871 0.2678 0.2500
 0.6250 0.5209 0.4333 0.3681 0.3297 0.3181 0.3284 0.3510 0.3750
 0.5000 0.4233 0.3644 0.3297 0.3232 0.3447 0.3881 0.4437 0.5000
 0.3750 0.3376 0.3168 0.3181 0.3447 0.3956 0.4652 0.5449 0.6250
 0.2500 0.2622 0.2871 0.3284 0.3881 0.4652 0.5556 0.6527 0.7500
 0.1250 0.1931 0.2678 0.3510 0.4437 0.5449 0.6527 0.7639 0.8750
 0.0000 0.1250 0.2500 0.3750 0.5000 0.6250 0.7500 0.8750 1.0000
