Berechnungszeit:    0.030880 s
Speicherbedarf:     0.120865 MiB
Berechnungsmethode: Jacobi
Interlines:         10
Stoerfunktion:      f(x,y) = 0
Terminierung:       Anzahl der Iterationen
Anzahl Iterationen: 10000
Norm des Fehlers:   8.810482e-07

Matrix:
 1.0000 0.8750 0.7500 0.6250 0.5000 0.3750 0.2500 0.1250 0.0000
 0.8750 0.7810 0.6871 0.5933 0.4995 0.4058 0.3121 0.2185 0.1250
 0.7500 0.6871 0.6243 0.5616 0.4990 0.4366 0.3743 0.3121 0.2500
 0.6250 0.5933 0.5616 0.5301 0.4987 0.4676 0.4366 0.4058 0.3750
 0.5000 0.4995 0.4990 0.4987 0.4986 0.4987 0.4990 0.4995 0.5000
 0.3750 0.4058 0.4366 0.4676 0.4987 0.5301 0.5616 0.5933 0.6250
 0.2500 0.3121 0.3743 0.4366 0.4990 0.5616 0.6243 0.6871 0.7500
 0.1250 0.2185 0.3121 0.4058 0.4995 0.5933 0.6871 0.7810 0.8750
 0.0000 0.1250 0.2500 0.3750 0.5000 0.6250 0.7500 0.8750 1.0000
