Berechnungszeit:    1.132858 s
Speicherbedarf:     0.120865 MiB
Berechnungsmethode: Jacobi
Interlines:         10
Stoerfunktion:      f(x,y) = 2 * pi^2 * sin(pi * x) * sin(pi * y)
Terminierung:       Hinreichende Genaugkeit
Anzahl Iterationen: 17357
Norm des Fehlers:   9.999971e-09

Matrix:
 0.0000 0.0000 0.0000 0.0000 0.0000 0.0000 0.0000 0.0000 0.0000
 0.0000 0.1465 0.2706 0.3536 0.3827 0.3536 0.2706 0.1465 0.0000
 0.0000 0.2706 0.5000 0.6533 0.7072 0.6533 0.5000 0.2706 0.0000
 0.0000 0.3536 0.6533 0.8536 0.9240 0.8536 0.6533 0.3536 0.0000
 0.0000 0.3827 0.7072 0.9240 1.0001 0.9240 0.7072 0.3827 0.0000
 0.0000 0.3536 0.6533 0.8536 0.9240 0.8536 0.6533 0.3536 0.0000
 0.0000 0.2706 0.5000 0.6533 0.7072 0.6533 0.5000 0.2706 0.0000
 0.0000 0.1465 0.2706 0.3536 0.3827 0.3536 0.2706 0.1465 0.0000
 0.0000 0.0000 0.0000 0.0000 0.0000 0.0000 0.0000 0.0000 0.0000
