Calculation time:   0.000023 s
Memory usage:       0.001236 MiB
Calculation method: Jacobi
Interlines:         0
Inference function: f(x,y) = 0
Termination:        Required accuracy
Number iterations:  456
Residuum:           5.551115e-17

Matrix:
 1.0000 0.8750 0.7500 0.6250 0.5000 0.3750 0.2500 0.1250 0.0000
 0.8750 0.7812 0.6875 0.5938 0.5000 0.4062 0.3125 0.2188 0.1250
 0.7500 0.6875 0.6250 0.5625 0.5000 0.4375 0.3750 0.3125 0.2500
 0.6250 0.5938 0.5625 0.5312 0.5000 0.4688 0.4375 0.4062 0.3750
 0.5000 0.5000 0.5000 0.5000 0.5000 0.5000 0.5000 0.5000 0.5000
 0.3750 0.4062 0.4375 0.4688 0.5000 0.5312 0.5625 0.5938 0.6250
 0.2500 0.3125 0.3750 0.4375 0.5000 0.5625 0.6250 0.6875 0.7500
 0.1250 0.2188 0.3125 0.4062 0.5000 0.5938 0.6875 0.7812 0.8750
 0.0000 0.1250 0.2500 0.3750 0.5000 0.6250 0.7500 0.8750 1.0000
