Calculation time:   0.003554 s
Memory usage:       0.120865 MiB
Calculation method: Jacobi
Interlines:         10
Inference function: f(x,y) = 0
Termination:        Number of iterations
Number iterations:  1000
Residuum:           2.332824e-04

Matrix:
 1.0000 0.8750 0.7500 0.6250 0.5000 0.3750 0.2500 0.1250 0.0000
 0.8750 0.7022 0.5497 0.4266 0.3302 0.2549 0.1974 0.1560 0.1250
 0.7500 0.5497 0.3838 0.2675 0.1972 0.1645 0.1653 0.1974 0.2500
 0.6250 0.4266 0.2675 0.1658 0.1186 0.1186 0.1645 0.2549 0.3750
 0.5000 0.3302 0.1972 0.1186 0.0935 0.1186 0.1972 0.3302 0.5000
 0.3750 0.2549 0.1645 0.1186 0.1186 0.1658 0.2675 0.4266 0.6250
 0.2500 0.1974 0.1653 0.1645 0.1972 0.2675 0.3838 0.5497 0.7500
 0.1250 0.1560 0.1974 0.2549 0.3302 0.4266 0.5497 0.7022 0.8750
 0.0000 0.1250 0.2500 0.3750 0.5000 0.6250 0.7500 0.8750 1.0000
