Calculation time:       0.000729 s
Memory usage:           0.002205 MiB
Calculation method:     Gauß-Seidel
Interlines:             1
Perturbation function:  f(x,y) = 2 * pi^2 * sin(pi * x) * sin(pi * y)
Termination:            Required accuracy
Number of iterations:   155
Residuum:               9.822003e-05

Matrix:
 0.0000 0.0000 0.0000 0.0000 0.0000 0.0000 0.0000 0.0000 0.0000
 0.0000 0.1465 0.2707 0.3537 0.3828 0.3537 0.2708 0.1466 0.0000
 0.0000 0.2707 0.5002 0.6536 0.7075 0.6537 0.5004 0.2708 0.0000
 0.0000 0.3537 0.6536 0.8540 0.9245 0.8542 0.6538 0.3539 0.0000
 0.0000 0.3828 0.7075 0.9245 1.0007 0.9246 0.7078 0.3831 0.0000
 0.0000 0.3537 0.6537 0.8542 0.9246 0.8543 0.6539 0.3539 0.0000
 0.0000 0.2708 0.5004 0.6538 0.7078 0.6539 0.5005 0.2709 0.0000
 0.0000 0.1466 0.2708 0.3539 0.3831 0.3539 0.2709 0.1466 0.0000
 0.0000 0.0000 0.0000 0.0000 0.0000 0.0000 0.0000 0.0000 0.0000
