Calculation time:       0.000060 s
Memory usage:           0.004410 MiB
Calculation method:     Jacobi
Interlines:             1
Perturbation function:  f(x,y) = 0
Termination:            Required accuracy
Number of iterations:   262
Residuum:               9.687063e-05

Matrix:
 1.0000 0.8750 0.7500 0.6250 0.5000 0.3750 0.2500 0.1250 0.0000
 0.8750 0.7805 0.6861 0.5920 0.4981 0.4045 0.3111 0.2180 0.1250
 0.7500 0.6861 0.6225 0.5592 0.4965 0.4342 0.3725 0.3111 0.2500
 0.6250 0.5920 0.5592 0.5270 0.4954 0.4645 0.4342 0.4045 0.3750
 0.5000 0.4981 0.4965 0.4954 0.4950 0.4954 0.4965 0.4981 0.5000
 0.3750 0.4045 0.4342 0.4645 0.4954 0.5270 0.5592 0.5920 0.6250
 0.2500 0.3111 0.3725 0.4342 0.4965 0.5592 0.6225 0.6861 0.7500
 0.1250 0.2180 0.3111 0.4045 0.4981 0.5920 0.6861 0.7805 0.8750
 0.0000 0.1250 0.2500 0.3750 0.5000 0.6250 0.7500 0.8750 1.0000
