Calculation time:       0.000007 s
Memory usage:           0.002205 MiB
Calculation method:     Gauß-Seidel
Interlines:             1
Perturbation function:  f(x,y) = 0
Termination:            Number of iterations
Number of iterations:   10
Residuum:               3.264182e-02

Matrix:
 1.0000 0.8750 0.7500 0.6250 0.5000 0.3750 0.2500 0.1250 0.0000
 0.8750 0.6403 0.4752 0.3643 0.2815 0.2115 0.1575 0.1316 0.1250
 0.7500 0.4752 0.2955 0.1953 0.1388 0.1052 0.1040 0.1580 0.2500
 0.6250 0.3643 0.1953 0.1069 0.0652 0.0516 0.0859 0.2020 0.3750
 0.5000 0.2815 0.1388 0.0652 0.0333 0.0312 0.0910 0.2585 0.5000
 0.3750 0.2115 0.1052 0.0516 0.0312 0.0401 0.1237 0.3348 0.6250
 0.2500 0.1575 0.1040 0.0859 0.0910 0.1237 0.2339 0.4611 0.7500
 0.1250 0.1316 0.1580 0.2020 0.2585 0.3348 0.4611 0.6531 0.8750
 0.0000 0.1250 0.2500 0.3750 0.5000 0.6250 0.7500 0.8750 1.0000
