Calculation time:   0.002399 s
Memory usage:       0.004410 MiB
Calculation method: Jacobi
Interlines:         1
Inference function: f(x,y) = 2 * pi^2 * sin(pi * x) * sin(pi * y)
Termination:        Number of iterations
Number iterations:  1000
Residuum:           7.368772e-11

Matrix:
 0.0000 0.0000 0.0000 0.0000 0.0000 0.0000 0.0000 0.0000 0.0000
 0.0000 0.1469 0.2715 0.3547 0.3839 0.3547 0.2715 0.1469 0.0000
 0.0000 0.2715 0.5016 0.6554 0.7094 0.6554 0.5016 0.2715 0.0000
 0.0000 0.3547 0.6554 0.8563 0.9269 0.8563 0.6554 0.3547 0.0000
 0.0000 0.3839 0.7094 0.9269 1.0032 0.9269 0.7094 0.3839 0.0000
 0.0000 0.3547 0.6554 0.8563 0.9269 0.8563 0.6554 0.3547 0.0000
 0.0000 0.2715 0.5016 0.6554 0.7094 0.6554 0.5016 0.2715 0.0000
 0.0000 0.1469 0.2715 0.3547 0.3839 0.3547 0.2715 0.1469 0.0000
 0.0000 0.0000 0.0000 0.0000 0.0000 0.0000 0.0000 0.0000 0.0000
