Calculation time:       0.000014 s
Memory usage:           0.004410 MiB
Calculation method:     Jacobi
Interlines:             1
Perturbation function:  f(x,y) = 0
Termination:            Number of iterations
Number of iterations:   100
Residuum:               2.242371e-03

Matrix:
 1.0000 0.8750 0.7500 0.6250 0.5000 0.3750 0.2500 0.1250 0.0000
 0.8750 0.7643 0.6561 0.5528 0.4557 0.3654 0.2812 0.2018 0.1250
 0.7500 0.6561 0.5671 0.4868 0.4182 0.3619 0.3172 0.2812 0.2500
 0.6250 0.5528 0.4868 0.4324 0.3931 0.3700 0.3619 0.3654 0.3750
 0.5000 0.4557 0.4182 0.3931 0.3843 0.3931 0.4182 0.4557 0.5000
 0.3750 0.3654 0.3619 0.3700 0.3931 0.4324 0.4868 0.5528 0.6250
 0.2500 0.2812 0.3172 0.3619 0.4182 0.4868 0.5671 0.6561 0.7500
 0.1250 0.2018 0.2812 0.3654 0.4557 0.5528 0.6561 0.7643 0.8750
 0.0000 0.1250 0.2500 0.3750 0.5000 0.6250 0.7500 0.8750 1.0000
