Calculation time:       0.030345 s
Memory usage:           0.120865 MiB
Calculation method:     Jacobi
Interlines:             10
Perturbation function:  f(x,y) = 0
Termination:            Number of iterations
Number of iterations:   10000
Residuum:               8.810482e-07

Matrix:
 1.0000 0.8750 0.7500 0.6250 0.5000 0.3750 0.2500 0.1250 0.0000
 0.8750 0.7810 0.6871 0.5933 0.4995 0.4058 0.3121 0.2185 0.1250
 0.7500 0.6871 0.6243 0.5616 0.4990 0.4366 0.3743 0.3121 0.2500
 0.6250 0.5933 0.5616 0.5301 0.4987 0.4676 0.4366 0.4058 0.3750
 0.5000 0.4995 0.4990 0.4987 0.4986 0.4987 0.4990 0.4995 0.5000
 0.3750 0.4058 0.4366 0.4676 0.4987 0.5301 0.5616 0.5933 0.6250
 0.2500 0.3121 0.3743 0.4366 0.4990 0.5616 0.6243 0.6871 0.7500
 0.1250 0.2185 0.3121 0.4058 0.4995 0.5933 0.6871 0.7810 0.8750
 0.0000 0.1250 0.2500 0.3750 0.5000 0.6250 0.7500 0.8750 1.0000
