Berechnungszeit:    0.000314 s
Speicherbedarf:     0.120865 MiB
Berechnungsmethode: Jacobi
Interlines:         10
Stoerfunktion:      f(x,y) = 0
Terminierung:       Anzahl der Iterationen
Anzahl Iterationen: 100
Norm des Fehlers:   3.136969e-03

Matrix:
 1.0000 0.8750 0.7500 0.6250 0.5000 0.3750 0.2500 0.1250 0.0000
 0.8750 0.1967 0.0918 0.0753 0.0603 0.0452 0.0304 0.0301 0.1250
 0.7500 0.0918 0.0028 0.0012 0.0009 0.0007 0.0009 0.0304 0.2500
 0.6250 0.0753 0.0012 0.0000 0.0000 0.0000 0.0007 0.0452 0.3750
 0.5000 0.0603 0.0009 0.0000 0.0000 0.0000 0.0009 0.0603 0.5000
 0.3750 0.0452 0.0007 0.0000 0.0000 0.0000 0.0012 0.0753 0.6250
 0.2500 0.0304 0.0009 0.0007 0.0009 0.0012 0.0028 0.0918 0.7500
 0.1250 0.0301 0.0304 0.0452 0.0603 0.0753 0.0918 0.1967 0.8750
 0.0000 0.1250 0.2500 0.3750 0.5000 0.6250 0.7500 0.8750 1.0000
