Berechnungszeit:    0.000024 s
Speicherbedarf:     0.004410 MiB
Berechnungsmethode: Jacobi
Interlines:         1
Stoerfunktion:      f(x,y) = 2 * pi^2 * sin(pi * x) * sin(pi * y)
Terminierung:       Anzahl der Iterationen
Anzahl Iterationen: 10
Norm des Fehlers:   1.618808e-02

Matrix:
 0.0000 0.0000 0.0000 0.0000 0.0000 0.0000 0.0000 0.0000 0.0000
 0.0000 0.0259 0.0479 0.0626 0.0677 0.0626 0.0479 0.0259 0.0000
 0.0000 0.0479 0.0885 0.1156 0.1251 0.1156 0.0885 0.0479 0.0000
 0.0000 0.0626 0.1156 0.1510 0.1635 0.1510 0.1156 0.0626 0.0000
 0.0000 0.0677 0.1251 0.1635 0.1769 0.1635 0.1251 0.0677 0.0000
 0.0000 0.0626 0.1156 0.1510 0.1635 0.1510 0.1156 0.0626 0.0000
 0.0000 0.0479 0.0885 0.1156 0.1251 0.1156 0.0885 0.0479 0.0000
 0.0000 0.0259 0.0479 0.0626 0.0677 0.0626 0.0479 0.0259 0.0000
 0.0000 0.0000 0.0000 0.0000 0.0000 0.0000 0.0000 0.0000 0.0000
