Berechnungszeit:    1.713609 s
Speicherbedarf:     0.060432 MiB
Berechnungsmethode: Gauß-Seidel
Interlines:         10
Stoerfunktion:      f(x,y) = 2 * pi^2 * sin(pi * x) * sin(pi * y)
Terminierung:       Hinreichende Genaugkeit
Anzahl Iterationen: 24564
Norm des Fehlers:   5.551115e-17

Matrix:
 0.0000 0.0000 0.0000 0.0000 0.0000 0.0000 0.0000 0.0000 0.0000
 0.0000 0.1465 0.2706 0.3536 0.3827 0.3536 0.2706 0.1465 0.0000
 0.0000 0.2706 0.5001 0.6534 0.7072 0.6534 0.5001 0.2706 0.0000
 0.0000 0.3536 0.6534 0.8536 0.9240 0.8536 0.6534 0.3536 0.0000
 0.0000 0.3827 0.7072 0.9240 1.0001 0.9240 0.7072 0.3827 0.0000
 0.0000 0.3536 0.6534 0.8536 0.9240 0.8536 0.6534 0.3536 0.0000
 0.0000 0.2706 0.5001 0.6534 0.7072 0.6534 0.5001 0.2706 0.0000
 0.0000 0.1465 0.2706 0.3536 0.3827 0.3536 0.2706 0.1465 0.0000
 0.0000 0.0000 0.0000 0.0000 0.0000 0.0000 0.0000 0.0000 0.0000
