Calculation time:       0.000061 s
Memory usage:           0.001236 MiB
Calculation method:     Jacobi
Interlines:             0
Perturbation function:  f(x,y) = 2 * pi^2 * sin(pi * x) * sin(pi * y)
Termination:            Number of iterations
Number of iterations:   100
Residuum:               3.040948e-05

Matrix:
 0.0000 0.0000 0.0000 0.0000 0.0000 0.0000 0.0000 0.0000 0.0000
 0.0000 0.1483 0.2740 0.3580 0.3875 0.3580 0.2740 0.1483 0.0000
 0.0000 0.2740 0.5063 0.6615 0.7160 0.6615 0.5063 0.2740 0.0000
 0.0000 0.3580 0.6615 0.8643 0.9355 0.8643 0.6615 0.3580 0.0000
 0.0000 0.3875 0.7160 0.9355 1.0126 0.9355 0.7160 0.3875 0.0000
 0.0000 0.3580 0.6615 0.8643 0.9355 0.8643 0.6615 0.3580 0.0000
 0.0000 0.2740 0.5063 0.6615 0.7160 0.6615 0.5063 0.2740 0.0000
 0.0000 0.1483 0.2740 0.3580 0.3875 0.3580 0.2740 0.1483 0.0000
 0.0000 0.0000 0.0000 0.0000 0.0000 0.0000 0.0000 0.0000 0.0000
