Berechnungszeit:    0.030815 s
Speicherbedarf:     0.060432 MiB
Berechnungsmethode: Gauß-Seidel
Interlines:         10
Stoerfunktion:      f(x,y) = 0
Terminierung:       Anzahl der Iterationen
Anzahl Iterationen: 1000
Norm des Fehlers:   2.832813e-04

Matrix:
 1.0000 0.8750 0.7500 0.6250 0.5000 0.3750 0.2500 0.1250 0.0000
 0.8750 0.7464 0.6240 0.5118 0.4123 0.3259 0.2514 0.1858 0.1250
 0.7500 0.6240 0.5089 0.4124 0.3390 0.2897 0.2624 0.2519 0.2500
 0.6250 0.5118 0.4124 0.3368 0.2908 0.2762 0.2905 0.3269 0.3750
 0.5000 0.4123 0.3390 0.2908 0.2742 0.2915 0.3404 0.4138 0.5000
 0.3750 0.3259 0.2897 0.2762 0.2915 0.3382 0.4144 0.5136 0.6250
 0.2500 0.2514 0.2624 0.2905 0.3404 0.4144 0.5112 0.6259 0.7500
 0.1250 0.1858 0.2519 0.3269 0.4138 0.5136 0.6259 0.7478 0.8750
 0.0000 0.1250 0.2500 0.3750 0.5000 0.6250 0.7500 0.8750 1.0000
