Calculation time:   0.426037 s
Memory usage:       0.120865 MiB
Calculation method: Jacobi
Interlines:         10
Inference function: f(x,y) = 2 * pi^2 * sin(pi * x) * sin(pi * y)
Termination:        Number of iterations
Number iterations:  10000
Residuum:           1.087643e-06

Matrix:
 0.0000 0.0000 0.0000 0.0000 0.0000 0.0000 0.0000 0.0000 0.0000
 0.0000 0.1462 0.2702 0.3530 0.3821 0.3530 0.2702 0.1462 0.0000
 0.0000 0.2702 0.4992 0.6522 0.7060 0.6522 0.4992 0.2702 0.0000
 0.0000 0.3530 0.6522 0.8522 0.9224 0.8522 0.6522 0.3530 0.0000
 0.0000 0.3821 0.7060 0.9224 0.9984 0.9224 0.7060 0.3821 0.0000
 0.0000 0.3530 0.6522 0.8522 0.9224 0.8522 0.6522 0.3530 0.0000
 0.0000 0.2702 0.4992 0.6522 0.7060 0.6522 0.4992 0.2702 0.0000
 0.0000 0.1462 0.2702 0.3530 0.3821 0.3530 0.2702 0.1462 0.0000
 0.0000 0.0000 0.0000 0.0000 0.0000 0.0000 0.0000 0.0000 0.0000
