Berechnungszeit:    0.192213 s
Speicherbedarf:     0.120865 MiB
Berechnungsmethode: Jacobi
Interlines:         10
Stoerfunktion:      f(x,y) = 2 * pi^2 * sin(pi * x) * sin(pi * y)
Terminierung:       Hinreichende Genaugkeit
Anzahl Iterationen: 2907
Norm des Fehlers:   9.997606e-05

Matrix:
 0.0000 0.0000 0.0000 0.0000 0.0000 0.0000 0.0000 0.0000 0.0000
 0.0000 0.1235 0.2282 0.2982 0.3227 0.2982 0.2282 0.1235 0.0000
 0.0000 0.2282 0.4217 0.5509 0.5963 0.5509 0.4217 0.2282 0.0000
 0.0000 0.2982 0.5509 0.7198 0.7791 0.7198 0.5509 0.2982 0.0000
 0.0000 0.3227 0.5963 0.7791 0.8433 0.7791 0.5963 0.3227 0.0000
 0.0000 0.2982 0.5509 0.7198 0.7791 0.7198 0.5509 0.2982 0.0000
 0.0000 0.2282 0.4217 0.5509 0.5963 0.5509 0.4217 0.2282 0.0000
 0.0000 0.1235 0.2282 0.2982 0.3227 0.2982 0.2282 0.1235 0.0000
 0.0000 0.0000 0.0000 0.0000 0.0000 0.0000 0.0000 0.0000 0.0000
