Calculation time:   0.000011 s
Memory usage:       0.002205 MiB
Calculation method: Gauß-Seidel
Interlines:         1
Inference function: f(x,y) = 2 * pi^2 * sin(pi * x) * sin(pi * y)
Termination:        Number of iterations
Number iterations:  1
Residuum:           3.715864e-02

Matrix:
 0.0000 0.0000 0.0000 0.0000 0.0000 0.0000 0.0000 0.0000 0.0000
 0.0000 0.0036 0.0074 0.0102 0.0114 0.0108 0.0086 0.0051 0.0000
 0.0000 0.0074 0.0155 0.0213 0.0238 0.0228 0.0183 0.0110 0.0000
 0.0000 0.0102 0.0213 0.0294 0.0330 0.0316 0.0254 0.0154 0.0000
 0.0000 0.0114 0.0238 0.0330 0.0372 0.0357 0.0287 0.0174 0.0000
 0.0000 0.0108 0.0228 0.0316 0.0357 0.0343 0.0277 0.0169 0.0000
 0.0000 0.0086 0.0183 0.0254 0.0287 0.0277 0.0224 0.0137 0.0000
 0.0000 0.0051 0.0110 0.0154 0.0174 0.0169 0.0137 0.0085 0.0000
 0.0000 0.0000 0.0000 0.0000 0.0000 0.0000 0.0000 0.0000 0.0000
