Calculation time:   0.000012 s
Memory usage:       0.000618 MiB
Calculation method: Gauß-Seidel
Interlines:         0
Inference function: f(x,y) = 2 * pi^2 * sin(pi * x) * sin(pi * y)
Termination:        Number of iterations
Number iterations:  1
Residuum:           1.356295e-01

Matrix:
 0.0000 0.0000 0.0000 0.0000 0.0000 0.0000 0.0000 0.0000 0.0000
 0.0000 0.0113 0.0237 0.0332 0.0378 0.0367 0.0300 0.0188 0.0000
 0.0000 0.0237 0.0504 0.0713 0.0818 0.0800 0.0661 0.0421 0.0000
 0.0000 0.0332 0.0713 0.1014 0.1170 0.1151 0.0957 0.0617 0.0000
 0.0000 0.0378 0.0818 0.1170 0.1356 0.1339 0.1119 0.0729 0.0000
 0.0000 0.0367 0.0800 0.1151 0.1339 0.1328 0.1115 0.0734 0.0000
 0.0000 0.0300 0.0661 0.0957 0.1119 0.1115 0.0943 0.0628 0.0000
 0.0000 0.0188 0.0421 0.0617 0.0729 0.0734 0.0628 0.0427 0.0000
 0.0000 0.0000 0.0000 0.0000 0.0000 0.0000 0.0000 0.0000 0.0000
