Calculation time:   0.000311 s
Memory usage:       0.001236 MiB
Calculation method: Jacobi
Interlines:         0
Inference function: f(x,y) = 2 * pi^2 * sin(pi * x) * sin(pi * y)
Termination:        Required accuracy
Number iterations:  455
Residuum:           5.551115e-17

Matrix:
 0.0000 0.0000 0.0000 0.0000 0.0000 0.0000 0.0000 0.0000 0.0000
 0.0000 0.1483 0.2741 0.3581 0.3876 0.3581 0.2741 0.1483 0.0000
 0.0000 0.2741 0.5065 0.6617 0.7163 0.6617 0.5065 0.2741 0.0000
 0.0000 0.3581 0.6617 0.8646 0.9358 0.8646 0.6617 0.3581 0.0000
 0.0000 0.3876 0.7163 0.9358 1.0130 0.9358 0.7163 0.3876 0.0000
 0.0000 0.3581 0.6617 0.8646 0.9358 0.8646 0.6617 0.3581 0.0000
 0.0000 0.2741 0.5065 0.6617 0.7163 0.6617 0.5065 0.2741 0.0000
 0.0000 0.1483 0.2741 0.3581 0.3876 0.3581 0.2741 0.1483 0.0000
 0.0000 0.0000 0.0000 0.0000 0.0000 0.0000 0.0000 0.0000 0.0000
