Berechnungszeit:    0.060169 s
Speicherbedarf:     0.120865 MiB
Berechnungsmethode: Jacobi
Interlines:         10
Stoerfunktion:      f(x,y) = 2 * pi^2 * sin(pi * x) * sin(pi * y)
Terminierung:       Anzahl der Iterationen
Anzahl Iterationen: 1000
Norm des Fehlers:   3.371101e-04

Matrix:
 0.0000 0.0000 0.0000 0.0000 0.0000 0.0000 0.0000 0.0000 0.0000
 0.0000 0.0690 0.1276 0.1667 0.1804 0.1667 0.1276 0.0690 0.0000
 0.0000 0.1276 0.2357 0.3079 0.3333 0.3079 0.2357 0.1276 0.0000
 0.0000 0.1667 0.3079 0.4023 0.4355 0.4023 0.3079 0.1667 0.0000
 0.0000 0.1804 0.3333 0.4355 0.4714 0.4355 0.3333 0.1804 0.0000
 0.0000 0.1667 0.3079 0.4023 0.4355 0.4023 0.3079 0.1667 0.0000
 0.0000 0.1276 0.2357 0.3079 0.3333 0.3079 0.2357 0.1276 0.0000
 0.0000 0.0690 0.1276 0.1667 0.1804 0.1667 0.1276 0.0690 0.0000
 0.0000 0.0000 0.0000 0.0000 0.0000 0.0000 0.0000 0.0000 0.0000
