Berechnungszeit:    0.000000 s
Speicherbedarf:     0.002205 MiB
Berechnungsmethode: Gauß-Seidel
Interlines:         1
Stoerfunktion:      f(x,y) = 0
Terminierung:       Anzahl der Iterationen
Anzahl Iterationen: 1
Norm des Fehlers:   6.111112e-01

Matrix:
 1.0000 0.8750 0.7500 0.6250 0.5000 0.3750 0.2500 0.1250 0.0000
 0.8750 0.1680 0.0933 0.0745 0.0602 0.0463 0.0324 0.0185 0.1250
 0.7500 0.0933 0.0188 0.0096 0.0073 0.0057 0.0041 0.0026 0.2500
 0.6250 0.0745 0.0096 0.0020 0.0010 0.0007 0.0005 0.0003 0.3750
 0.5000 0.0602 0.0073 0.0010 0.0002 0.0001 0.0001 0.0000 0.5000
 0.3750 0.0463 0.0057 0.0007 0.0001 0.0000 0.0000 0.0000 0.6250
 0.2500 0.0324 0.0041 0.0005 0.0001 0.0000 0.0000 0.0000 0.7500
 0.1250 0.0185 0.0026 0.0003 0.0000 0.0000 0.0000 0.0000 0.8750
 0.0000 0.1250 0.2500 0.3750 0.5000 0.6250 0.7500 0.8750 1.0000
