Berechnungszeit:    0.019199 s
Speicherbedarf:     0.120865 MiB
Berechnungsmethode: Jacobi
Interlines:         10
Stoerfunktion:      f(x,y) = 0
Terminierung:       Hinreichende Genaugkeit
Anzahl Iterationen: 2570
Norm des Fehlers:   9.991622e-05

Matrix:
 1.0000 0.8750 0.7500 0.6250 0.5000 0.3750 0.2500 0.1250 0.0000
 0.8750 0.7580 0.6446 0.5379 0.4397 0.3507 0.2700 0.1958 0.1250
 0.7500 0.6446 0.5459 0.4594 0.3886 0.3348 0.2965 0.2700 0.2500
 0.6250 0.5379 0.4594 0.3967 0.3546 0.3345 0.3348 0.3507 0.3750
 0.5000 0.4397 0.3886 0.3546 0.3426 0.3546 0.3886 0.4397 0.5000
 0.3750 0.3507 0.3348 0.3345 0.3546 0.3967 0.4594 0.5379 0.6250
 0.2500 0.2700 0.2965 0.3348 0.3886 0.4594 0.5459 0.6446 0.7500
 0.1250 0.1958 0.2700 0.3507 0.4397 0.5379 0.6446 0.7580 0.8750
 0.0000 0.1250 0.2500 0.3750 0.5000 0.6250 0.7500 0.8750 1.0000
