Berechnungszeit:    0.000684 s
Speicherbedarf:     0.060432 MiB
Berechnungsmethode: Gauß-Seidel
Interlines:         10
Stoerfunktion:      f(x,y) = 2 * pi^2 * sin(pi * x) * sin(pi * y)
Terminierung:       Anzahl der Iterationen
Anzahl Iterationen: 10
Norm des Fehlers:   1.258366e-03

Matrix:
 0.0000 0.0000 0.0000 0.0000 0.0000 0.0000 0.0000 0.0000 0.0000
 0.0000 0.0017 0.0032 0.0043 0.0046 0.0043 0.0033 0.0018 0.0000
 0.0000 0.0032 0.0061 0.0081 0.0088 0.0082 0.0063 0.0035 0.0000
 0.0000 0.0043 0.0081 0.0106 0.0116 0.0108 0.0084 0.0046 0.0000
 0.0000 0.0046 0.0088 0.0116 0.0127 0.0118 0.0091 0.0051 0.0000
 0.0000 0.0043 0.0082 0.0108 0.0118 0.0110 0.0085 0.0047 0.0000
 0.0000 0.0033 0.0063 0.0084 0.0091 0.0085 0.0066 0.0036 0.0000
 0.0000 0.0018 0.0035 0.0046 0.0051 0.0047 0.0036 0.0020 0.0000
 0.0000 0.0000 0.0000 0.0000 0.0000 0.0000 0.0000 0.0000 0.0000
