Berechnungszeit:    0.000605 s
Speicherbedarf:     0.004410 MiB
Berechnungsmethode: Jacobi
Interlines:         1
Stoerfunktion:      f(x,y) = 2 * pi^2 * sin(pi * x) * sin(pi * y)
Terminierung:       Hinreichende Genaugkeit
Anzahl Iterationen: 273
Norm des Fehlers:   9.843313e-05

Matrix:
 0.0000 0.0000 0.0000 0.0000 0.0000 0.0000 0.0000 0.0000 0.0000
 0.0000 0.1462 0.2701 0.3529 0.3820 0.3529 0.2701 0.1462 0.0000
 0.0000 0.2701 0.4991 0.6521 0.7058 0.6521 0.4991 0.2701 0.0000
 0.0000 0.3529 0.6521 0.8520 0.9222 0.8520 0.6521 0.3529 0.0000
 0.0000 0.3820 0.7058 0.9222 0.9982 0.9222 0.7058 0.3820 0.0000
 0.0000 0.3529 0.6521 0.8520 0.9222 0.8520 0.6521 0.3529 0.0000
 0.0000 0.2701 0.4991 0.6521 0.7058 0.6521 0.4991 0.2701 0.0000
 0.0000 0.1462 0.2701 0.3529 0.3820 0.3529 0.2701 0.1462 0.0000
 0.0000 0.0000 0.0000 0.0000 0.0000 0.0000 0.0000 0.0000 0.0000
