Berechnungszeit:    0.139135 s
Speicherbedarf:     0.060432 MiB
Berechnungsmethode: Gauß-Seidel
Interlines:         10
Stoerfunktion:      f(x,y) = 2 * pi^2 * sin(pi * x) * sin(pi * y)
Terminierung:       Hinreichende Genaugkeit
Anzahl Iterationen: 1998
Norm des Fehlers:   9.995439e-05

Matrix:
 0.0000 0.0000 0.0000 0.0000 0.0000 0.0000 0.0000 0.0000 0.0000
 0.0000 0.1345 0.2487 0.3251 0.3521 0.3255 0.2493 0.1350 0.0000
 0.0000 0.2487 0.4598 0.6011 0.6510 0.6018 0.4609 0.2496 0.0000
 0.0000 0.3251 0.6011 0.7858 0.8511 0.7868 0.6025 0.3263 0.0000
 0.0000 0.3521 0.6510 0.8511 0.9217 0.8521 0.6525 0.3533 0.0000
 0.0000 0.3255 0.6018 0.7868 0.8521 0.7877 0.6032 0.3266 0.0000
 0.0000 0.2493 0.4609 0.6025 0.6525 0.6032 0.4619 0.2501 0.0000
 0.0000 0.1350 0.2496 0.3263 0.3533 0.3266 0.2501 0.1355 0.0000
 0.0000 0.0000 0.0000 0.0000 0.0000 0.0000 0.0000 0.0000 0.0000
