Berechnungszeit:    0.002111 s
Speicherbedarf:     0.002205 MiB
Berechnungsmethode: Gauß-Seidel
Interlines:         1
Stoerfunktion:      f(x,y) = 2 * pi^2 * sin(pi * x) * sin(pi * y)
Terminierung:       Hinreichende Genaugkeit
Anzahl Iterationen: 905
Norm des Fehlers:   0.000000e+00

Matrix:
 0.0000 0.0000 0.0000 0.0000 0.0000 0.0000 0.0000 0.0000 0.0000
 0.0000 0.1469 0.2715 0.3547 0.3839 0.3547 0.2715 0.1469 0.0000
 0.0000 0.2715 0.5016 0.6554 0.7094 0.6554 0.5016 0.2715 0.0000
 0.0000 0.3547 0.6554 0.8563 0.9269 0.8563 0.6554 0.3547 0.0000
 0.0000 0.3839 0.7094 0.9269 1.0032 0.9269 0.7094 0.3839 0.0000
 0.0000 0.3547 0.6554 0.8563 0.9269 0.8563 0.6554 0.3547 0.0000
 0.0000 0.2715 0.5016 0.6554 0.7094 0.6554 0.5016 0.2715 0.0000
 0.0000 0.1469 0.2715 0.3547 0.3839 0.3547 0.2715 0.1469 0.0000
 0.0000 0.0000 0.0000 0.0000 0.0000 0.0000 0.0000 0.0000 0.0000
